1.063644747864422e-09 5.529827208092703e-09
0.000000000000000e+00 0.000000000000000e+00
0.000000000000000e+00 0.000000000000000e+00
0.000000000000000e+00 0.000000000000000e+00
0.000000000000000e+00 0.000000000000000e+00
6.117874192415967e-10 3.218056391246391e-09
-9.947818392387251e-06 -4.848624728290560e-05
2.466539220165168e-05 -4.497188759128699e-06
0.000000000000000e+00 0.000000000000000e+00
2.448189260879113e-10 1.287262365387442e-09
9.937706282690651e-10 6.086849129599367e-09
-1.639093439264886e-05 -9.173545298478140e-05
8.141058392445234e-05 -1.374406380822653e-05
0.000000000000000e+00 0.000000000000000e+00
3.991938166138128e-10 2.434499290451224e-09
1.594022110011048e-09 1.138270348221312e-08
-2.667185660959205e-05 -1.716048349994333e-04
1.665761123921457e-04 -2.527187037801387e-05
0.000000000000000e+00 0.000000000000000e+00
6.413792291299771e-10 4.552493630784570e-09
2.516747901203459e-09 2.048247057018328e-08
-4.265781041797566e-05 -3.088790077856480e-04
3.061476664797276e-04 -4.181523868778326e-05
0.000000000000000e+00 0.000000000000000e+00
1.012663024436126e-09 8.192349588795424e-09
3.657918109370754e-09 3.386659139562013e-08
-6.286539109034928e-05 -5.109068252024981e-04
5.092823290203747e-04 -6.233342932409143e-05
0.000000000000000e+00 0.000000000000000e+00
1.466141199120083e-09 1.355327184580208e-08
5.034211653717337e-09 5.323846431465182e-08
-8.809666865174907e-05 -7.966985333782618e-04
7.956559707523105e-04 -8.769256147803929e-05
0.000000000000000e+00 0.000000000000000e+00
2.037015037901242e-09 2.069324500034814e-08
6.571634385067132e-09 7.790542049869094e-08
-1.169076130269608e-04 -1.175499248345034e-03
1.174787029820377e-03 -1.166059916148661e-04
0.000000000000000e+00 0.000000000000000e+00
2.649230300025319e-09 3.116049204372895e-08
8.224453953535413e-09 1.100818585512471e-07
-1.491856663087137e-04 -1.661245356372217e-03
1.660726150435663e-03 -1.488882388635689e-04
0.000000000000000e+00 0.000000000000000e+00
3.322627858569705e-09 4.403050482841353e-08
9.859518596658615e-09 1.497786398438002e-07
-1.833536710482736e-04 -2.260445407553573e-03
2.260052045745614e-03 -1.830927674862039e-04
0.000000000000000e+00 0.000000000000000e+00
4.031642918110573e-09 5.989449786537110e-08
1.154142741785962e-08 1.975180622562363e-07
-2.188406220498495e-04 -2.981527406142514e-03
2.981196733555050e-03 -2.185281897845308e-04
0.000000000000000e+00 0.000000000000000e+00
4.650974421368122e-09 7.900898809255767e-08
1.301879208988252e-08 2.535084176411019e-07
-2.540975491760782e-04 -3.827109355290158e-03
3.826835015577187e-03 -2.537880058409839e-04
0.000000000000000e+00 0.000000000000000e+00
5.281103483014071e-09 1.014072069052351e-07
1.474549870874984e-08 3.178948832566691e-07
-2.884374838311227e-04 -4.800736235346164e-03
4.800469926007156e-03 -2.880420890016145e-04
0.000000000000000e+00 0.000000000000000e+00
5.403614037186171e-09 1.272703793685769e-07
1.535111985482328e-08 3.908425239388482e-07
-3.204898385910223e-04 -5.901459774915050e-03
5.901219094004868e-03 -3.200766224308492e-04
0.000000000000000e+00 0.000000000000000e+00
6.259085415943886e-09 1.563449695308837e-07
1.606278945404319e-08 4.721117809929393e-07
-3.496525787894030e-04 -7.129021411417895e-03
7.128758693088288e-03 -3.491272927542855e-04
0.000000000000000e+00 0.000000000000000e+00
6.569451838171794e-09 1.888442857852977e-07
1.639618413587678e-08 5.615278485496406e-07
-3.748074592259985e-04 -8.479758813820680e-03
8.479508144600934e-03 -3.742458255458316e-04
0.000000000000000e+00 0.000000000000000e+00
6.715528129897166e-09 2.246039554892614e-07
1.630554086105213e-08 6.588236372034858e-07
-3.955248349531477e-04 -9.950763287224967e-03
9.950468409544250e-03 -3.948297988521685e-04
0.000000000000000e+00 0.000000000000000e+00
6.712657860543528e-09 2.636191512535663e-07
1.574585696495872e-08 7.638467780965510e-07
-4.109564893812180e-04 -1.153656937657794e-02
1.153627992836773e-02 -4.102114658699650e-04
0.000000000000000e+00 0.000000000000000e+00
6.528858091739959e-09 3.055367776116579e-07
1.471958129835753e-08 8.760924556488690e-07
-4.208657134946233e-04 -1.323261800471246e-02
1.323226581918550e-02 -4.199682744080763e-04
0.000000000000000e+00 0.000000000000000e+00
6.152355050096693e-09 3.504366606373243e-07
1.318736606925917e-08 9.952099621982823e-07
-4.246507888354069e-04 -1.503242113237728e-02
1.503207271731541e-02 -4.236907537162916e-04
0.000000000000000e+00 0.000000000000000e+00
5.568697752015783e-09 3.980701306290079e-07
1.114526445718406e-08 1.120806206695531e-06
-4.222494733127311e-04 -1.693054403634291e-02
1.693011764796543e-02 -4.211228646239315e-04
0.000000000000000e+00 0.000000000000000e+00
4.791154413109037e-09 4.483239266724940e-07
8.573797459619797e-09 1.252455741225539e-06
-4.132720951954477e-04 -1.892007324221292e-02
1.891965062951820e-02 -4.120701519304713e-04
0.000000000000000e+00 0.000000000000000e+00
3.804171427297617e-09 5.009854136949947e-07
5.495623824420325e-09 1.389765853892277e-06
-3.977948829688158e-04 -2.099525521502245e-02
2.099474005984493e-02 -3.964156535965458e-04
0.000000000000000e+00 0.000000000000000e+00
2.609219084765454e-09 5.559112037958578e-07
1.884081228959082e-09 1.532281242678263e-06
-3.756007178227639e-04 -2.314916773095233e-02
2.314865753935214e-02 -3.741336857813822e-04
0.000000000000000e+00 0.000000000000000e+00
1.212247530691984e-09 6.129183412420803e-07
-2.223896349987063e-09 1.679623369860555e-06
-3.468651013744019e-04 -2.537611407960912e-02
2.537549967465601e-02 -3.452137225789186e-04
0.000000000000000e+00 0.000000000000000e+00
-3.885713933484104e-10 6.718542902011164e-07
-6.841847638362296e-09 1.831350092627577e-06
-3.115086390618813e-04 -2.766943944954056e-02
2.766883109806161e-02 -3.097569913984580e-04
0.000000000000000e+00 0.000000000000000e+00
-2.190012510535332e-09 7.325481504760285e-07
-1.193586904700838e-08 1.987104276590600e-06
-2.697691566269744e-04 -3.002373681289504e-02
3.002301452189709e-02 -2.678296765112503e-04
0.000000000000000e+00 0.000000000000000e+00
-4.183365377535053e-09 7.948529092995306e-07
-1.751508916131595e-08 2.146477154676054e-06
-2.216750074406393e-04 -3.243278513388793e-02
3.243206965158901e-02 -2.196221111588927e-04
0.000000000000000e+00 0.000000000000000e+00
-6.362725550850152e-09 8.586044234018447e-07
-2.353581200395084e-08 2.309136268648719e-06
-1.674945194150464e-04 -3.489160268140660e-02
3.489076406863610e-02 -1.652537435375898e-04
0.000000000000000e+00 0.000000000000000e+00
-8.724441936226131e-09 9.236705978961088e-07
-3.000395976591437e-08 2.474706127074656e-06
-1.073406575260657e-04 -3.739448527312543e-02
3.739365498888907e-02 -1.049735924074140e-04
0.000000000000000e+00 0.000000000000000e+00
-1.126136224913861e-08 9.899020176391512e-07
-3.687941096194984e-08 2.642888751126455e-06
-4.148717701105951e-05 -3.993694282390007e-02
3.993598435101473e-02 -3.893474279542657e-05
0.000000000000000e+00 0.000000000000000e+00
-1.396366209902524e-08 1.057177881167663e-06
-4.416573020248407e-08 2.813345786662784e-06
2.988817471971058e-05 -4.251382946314993e-02
4.251287661372381e-02 3.257964642362822e-05
0.000000000000000e+00 0.000000000000000e+00
-1.682407208776999e-08 1.125362514596955e-06
-5.181794127406356e-08 2.985811752639705e-06
1.065235282660723e-04 -4.512115555629402e-02
4.512006980182176e-02 1.093955248738352e-04
0.000000000000000e+00 0.000000000000000e+00
-1.983659499159772e-08 1.194350379143349e-06
-5.984111721511651e-08 3.159982421663641e-06
1.881908743991484e-04 -4.775433121590050e-02
4.775325166155674e-02 1.912143876612277e-04
0.000000000000000e+00 0.000000000000000e+00
-2.299148041876006e-08 1.264022075732312e-06
-6.819198014046996e-08 3.335628139086649e-06
2.746537808213214e-04 -5.040986099021359e-02
5.040864978802725e-02 2.778525516595474e-04
0.000000000000000e+00 0.000000000000000e+00
-2.628123628075830e-08 1.334283260664559e-06
-7.687256666417343e-08 3.512479025159449e-06
3.656480331136685e-04 -5.308369900109988e-02
5.308248708597217e-02 3.690083487940411e-04
0.000000000000000e+00 0.000000000000000e+00
-2.969908814742215e-08 1.405028374897846e-06
-8.584218074089632e-08 3.690337137634956e-06
4.609670662712050e-04 -5.577280313521804e-02
5.577145823783505e-02 4.644963142449575e-04
0.000000000000000e+00 0.000000000000000e+00
-3.323590306142136e-08 1.476175895499280e-06
-9.510392650155243e-08 3.868965777695197e-06
5.603216351985658e-04 -5.847363217783650e-02
5.847228230429132e-02 5.640215354069051e-04
0.000000000000000e+00 0.000000000000000e+00
-3.688460951020707e-08 1.547631867562086e-06
-1.046157896444021e-07 4.048197976671453e-06
6.635372219811262e-04 -6.118356023542557e-02
6.118208603504935e-02 6.674010291994638e-04
0.000000000000000e+00 0.000000000000000e+00
-4.063891470345586e-08 1.619324868135148e-06
-1.143826119263163e-07 4.227820929338644e-06
7.703106050026521e-04 -6.389952246405541e-02
6.389804005725970e-02 7.743528901744586e-04
0.000000000000000e+00 0.000000000000000e+00
-4.449110209544534e-08 1.691178002505633e-06
-1.243667953485814e-07 4.407695423864966e-06
8.804999568504282e-04 -6.661927186256869e-02
6.661766599059836e-02 8.847008396530268e-04
0.000000000000000e+00 0.000000000000000e+00
-4.843225690537845e-08 1.763129470983316e-06
-1.345717147219115e-07 4.587635751120140e-06
9.937973198912934e-04 -6.934016741577380e-02
6.933854031132117e-02 9.981800579201693e-04
0.000000000000000e+00 0.000000000000000e+00
-5.245759481422995e-08 1.835112000923351e-06
-1.449595624684127e-07 4.767527231508814e-06
1.110085136661285e-03 -7.206028604645968e-02
7.205853899483630e-02 1.114622477434162e-03
0.000000000000000e+00 0.000000000000000e+00
-5.656039881182378e-08 1.907072826612529e-06
-1.555338246229407e-07 4.947208805451470e-06
1.229061107979212e-03 -7.477737018859408e-02
7.477559860626507e-02 1.233782622166045e-03
0.000000000000000e+00 0.000000000000000e+00
-6.073734452717496e-08 1.978952772572693e-06
-1.662674248254133e-07 5.126591693545128e-06
1.350628483478114e-03 -7.748978884576199e-02
7.748791067763257e-02 1.355502391364275e-03
0.000000000000000e+00 0.000000000000000e+00
-6.497304212736368e-08 2.050702956002502e-06
-1.771477726556103e-07 5.305524209992224e-06
1.474493860034129e-03 -8.019563007141223e-02
8.019372933235271e-02 1.479556006153093e-03
0.000000000000000e+00 0.000000000000000e+00
-6.928177964064104e-08 2.122283783482865e-06
-1.881778438364501e-07 5.483947103773923e-06
1.600583125480969e-03 -8.289352857864547e-02
8.289152614530485e-02 1.605796431465277e-03
0.000000000000000e+00 0.000000000000000e+00
-7.362021501719132e-08 2.193643104749932e-06
-1.993053612297129e-07 5.661706709262956e-06
1.728620321641080e-03 -8.558187415257926e-02
8.557983319231187e-02 1.734018067869189e-03
0.000000000000000e+00 0.000000000000000e+00
-7.804391238389633e-08 2.264768728889091e-06
-2.105686013140918e-07 5.838787246597226e-06
1.858539639306330e-03 -8.825951601699200e-02
8.825736843452886e-02 1.864084939888612e-03
0.000000000000000e+00 0.000000000000000e+00
-8.247620201120950e-08 2.335587996839460e-06
-2.219218793161768e-07 6.015034047676879e-06
1.990083002101719e-03 -9.092510119017996e-02
9.092290587325526e-02 1.995810590626392e-03
0.000000000000000e+00 0.000000000000000e+00
-8.696759687254789e-08 2.406112015119847e-06
-2.333459488364232e-07 6.190441540361822e-06
2.123196781070200e-03 -9.357767374765078e-02
9.357537844991531e-02 2.129070467546244e-03
0.000000000000000e+00 0.000000000000000e+00
-9.150080652598876e-08 2.476277928725656e-06
-2.448812899820444e-07 6.364906534646530e-06
2.257643083224553e-03 -9.621610941326264e-02
9.621377052510920e-02 2.263696045077162e-03
0.000000000000000e+00 0.000000000000000e+00
-9.604168602940694e-08 2.546064782286932e-06
-2.564539675730450e-07 6.538399835720875e-06
2.393374768104638e-03 -9.883962351180578e-02
9.883720206804462e-02 2.399574068875869e-03
0.000000000000000e+00 0.000000000000000e+00
-1.006293517336599e-07 2.615450726004412e-06
-2.680955940661269e-07 6.710820055056556e-06
2.530172135650409e-03 -1.014472930897667e-01
1.014448398055642e-01 2.536552863629267e-03
0.000000000000000e+00 0.000000000000000e+00
-1.052399387755118e-07 2.684429835580142e-06
-2.797962064203541e-07 6.882186548475257e-06
2.667997333885391e-03 -1.040384912729313e-01
1.040359661147118e-01 2.674529650861164e-03
0.000000000000000e+00 0.000000000000000e+00
-1.098501943510788e-07 2.752946774926041e-06
-2.915260140121974e-07 7.052358601431705e-06
2.806659732000548e-03 -1.066124739804570e-01
1.066099057653222e-01 2.813368715352863e-03
0.000000000000000e+00 0.000000000000000e+00
-1.144989153523883e-07 2.821049494032651e-06
-3.032947296034372e-07 7.221407645188703e-06
2.946125814507520e-03 -1.091687390319735e-01
1.091660817665238e-01 2.952977355793900e-03
0.000000000000000e+00 0.000000000000000e+00
-1.191447060830677e-07 2.888643594340883e-06
-3.150486467754653e-07 7.389173629460273e-06
3.086214111894599e-03 -1.117066765563630e-01
1.117039550788743e-01 3.093234560469967e-03
0.000000000000000e+00 0.000000000000000e+00
-1.238514219661384e-07 2.955808946460456e-06
-3.269047119392278e-07 7.555756734027810e-06
3.226896410868875e-03 -1.142258889575696e-01
1.142230695412278e-01 3.234056712634879e-03
0.000000000000000e+00 0.000000000000000e+00
-1.284718293783001e-07 3.022433572253180e-06
-3.386785206072761e-07 7.721063498287021e-06
3.368010980486213e-03 -1.167258907024760e-01
1.167230027093126e-01 3.375336173706200e-03
0.000000000000000e+00 0.000000000000000e+00
-1.332015344344324e-07 3.088541598103530e-06
-3.505364460521185e-07 7.884993142015451e-06
3.509535317286787e-03 -1.192063803255241e-01
1.192034026012514e-01 3.516997982955606e-03
0.000000000000000e+00 0.000000000000000e+00
-1.378451391505698e-07 3.154231607738923e-06
-3.623166247085924e-07 8.047826168215679e-06
3.651323091119597e-03 -1.216669801585070e-01
1.216639464585729e-01 3.658946450642241e-03
0.000000000000000e+00 0.000000000000000e+00
-1.425766728550901e-07 3.219163078998536e-06
-3.742048301513257e-07 8.208993251407978e-06
3.793353454665483e-03 -1.241074720065792e-01
1.241043718049481e-01 3.801114745359786e-03
0.000000000000000e+00 0.000000000000000e+00
-1.471824624529411e-07 3.283911358304157e-06
-3.859180597960588e-07 8.369248709645993e-06
3.935492040085199e-03 -1.265275737653145e-01
1.265244414042194e-01 3.943417854508954e-03
0.000000000000000e+00 0.000000000000000e+00
-1.519585658005008e-07 3.347670080476409e-06
-3.978272550691496e-07 8.527752244933338e-06
4.077720190903473e-03 -1.289271462418399e-01
1.289239695481683e-01 4.085796445115460e-03
0.000000000000000e+00 0.000000000000000e+00
-1.565071448155283e-07 3.411292618581528e-06
-4.095352827092484e-07 8.685092923617442e-06
4.219925309413042e-03 -1.313059974676138e-01
1.313027921833146e-01 4.228175037007271e-03
0.000000000000000e+00 0.000000000000000e+00
-1.612392037405099e-07 3.474144665862956e-06
-4.211853836363601e-07 8.841127517347795e-06
4.362113146862915e-03 -1.336640561784284e-01
1.336607896024867e-01 4.370501515834380e-03
0.000000000000000e+00 0.000000000000000e+00
-1.659855005945361e-07 3.536388509168402e-06
-4.331046537419505e-07 8.995509341295475e-06
4.504199336754185e-03 -1.360011849371165e-01
1.359978602181955e-01 4.512709622888921e-03
0.000000000000000e+00 0.000000000000000e+00
-1.704335498503567e-07 3.598331418635748e-06
-4.444841070483186e-07 9.148870274869501e-06
4.646162839835905e-03 -1.383173282297492e-01
1.383139399244268e-01 4.654754009410131e-03
0.000000000000000e+00 0.000000000000000e+00
-1.753671378333393e-07 3.659365675276081e-06
-4.562533489931675e-07 9.300671542933563e-06
4.787895179683898e-03 -1.406123691767793e-01
1.406089792452840e-01 4.796575990183277e-03
0.000000000000000e+00 0.000000000000000e+00
-1.798719339545087e-07 3.719995580667468e-06
-4.677798465248897e-07 9.451143793348349e-06
4.929388350832634e-03 -1.428862811130685e-01
1.428829602137142e-01 4.938135345619321e-03
0.000000000000000e+00 0.000000000000000e+00
-1.845559939210897e-07 3.780018948395728e-06
-4.792093638055385e-07 9.600411372656017e-06
5.070582271278676e-03 -1.451389931837134e-01
1.451358769601132e-01 5.079380417463463e-03
0.000000000000000e+00 0.000000000000000e+00
-1.892894061047623e-07 3.839281157738757e-06
-4.905816218345476e-07 9.748438949733653e-06
5.211521021776351e-03 -1.473704988171762e-01
1.473677503467899e-01 5.220276793077429e-03
0.000000000000000e+00 0.000000000000000e+00
-1.940086403729592e-07 3.897849605453409e-06
-5.020170619947676e-07 9.895122393236055e-06
5.352194400145694e-03 -1.495807126810739e-01
1.495786107565574e-01 5.360780460102840e-03
0.000000000000000e+00 0.000000000000000e+00
-1.986096080762538e-07 3.955801708945176e-06
-5.130607120199811e-07 1.004070449186496e-05
5.492645739506390e-03 -1.517695532748529e-01
1.517685100982327e-01 5.500863181395128e-03
0.000000000000000e+00 0.000000000000000e+00
-2.035240688056192e-07 4.012929755904855e-06
-5.241360359770003e-07 1.018535502425869e-05
5.632870875969096e-03 -1.539368215128049e-01
1.539375062783432e-01 5.640487666417812e-03
0.000000000000000e+00 0.000000000000000e+00
-2.083453645294736e-07 4.069040249443554e-06
-5.350723826061042e-07 1.032889258719257e-05
5.773012778818485e-03 -1.560822779791498e-01
1.560856732465223e-01 5.779631303626790e-03
0.000000000000000e+00 0.000000000000000e+00
-2.132214648015370e-07 4.124352118296693e-06
-5.456289357122270e-07 1.047162886912398e-05
5.913230112830540e-03 -1.582054963375472e-01
1.582130869081973e-01 5.918265000446187e-03
0.000000000000000e+00 0.000000000000000e+00
-2.184103947679198e-07 4.178532440519317e-06
-5.564251960815215e-07 1.061377196521025e-05
6.053692383938642e-03 -1.603058867315358e-01
1.603198327744708e-01 6.056374372543415e-03
0.000000000000000e+00 0.000000000000000e+00
-2.232704393490499e-07 4.231412667148314e-06
-5.662711808860410e-07 1.075530488928351e-05
6.194509061265137e-03 -1.623825713012775e-01
1.624059923538243e-01 6.193937867121891e-03
0.000000000000000e+00 0.000000000000000e+00
-2.290091417814357e-07 4.282990558040550e-06
-5.764940107381516e-07 1.089686320129312e-05
6.336005539848581e-03 -1.644344299465408e-01
1.644716491156930e-01 6.330947341103141e-03
0.000000000000000e+00 0.000000000000000e+00
-2.342775822600394e-07 4.332671628684159e-06
-5.862883666076545e-07 1.103800225595188e-05
6.478613481161192e-03 -1.664599442673799e-01
1.665168756944125e-01 6.467391078629844e-03
0.000000000000000e+00 0.000000000000000e+00
-2.398989475460259e-07 4.380882842175259e-06
-5.953963862669381e-07 1.117979713586967e-05
6.622824105577049e-03 -1.684571581630732e-01
1.685417377121571e-01 6.603272378312259e-03
0.000000000000000e+00 0.000000000000000e+00
-2.461096523501072e-07 4.426591364565337e-06
-6.046732068571716e-07 1.132192326883694e-05
6.769143654170810e-03 -1.704235088780641e-01
1.705462803837936e-01 6.738591163585469e-03
0.000000000000000e+00 0.000000000000000e+00
-2.520726987122444e-07 4.470105212760138e-06
-6.129133159593638e-07 1.146530234361321e-05
6.918239913339582e-03 -1.723557940952415e-01
1.725305302377480e-01 6.873361873360423e-03
0.000000000000000e+00 0.000000000000000e+00
-2.589724556076063e-07 4.510545631793006e-06
-6.212765546653305e-07 1.160991227145132e-05
7.070784137829579e-03 -1.742500034187366e-01
1.744944814932395e-01 7.007597234757034e-03
0.000000000000000e+00 0.000000000000000e+00
-2.656674335482169e-07 4.547918877043219e-06
-6.291000514271289e-07 1.175621723631824e-05
7.227635384214699e-03 -1.761012771904621e-01
1.764380960048734e-01 7.141323610277249e-03
0.000000000000000e+00 0.000000000000000e+00
-2.727996199653032e-07 4.581803937470330e-06
-6.361069249373168e-07 1.190529079996050e-05
7.389646213309932e-03 -1.779037383899376e-01
1.783612896470041e-01 7.274567474793317e-03
0.000000000000000e+00 0.000000000000000e+00
-2.806644176897784e-07 4.611111665088350e-06
-6.428172922795679e-07 1.205690342024852e-05
7.557787812545133e-03 -1.796504494869796e-01
1.802639307715944e-01 7.407367621629322e-03
0.000000000000000e+00 0.000000000000000e+00
-2.887210330287813e-07 4.636114584566070e-06
-6.488229896327329e-07 1.221172107597031e-05
7.733104075543494e-03 -1.813332673662771e-01
1.821458270210484e-01 7.539763483079534e-03
0.000000000000000e+00 0.000000000000000e+00
-2.973962708764923e-07 4.656130861485434e-06
-6.549163160428969e-07 1.237108421938749e-05
7.916596882893675e-03 -1.829428083761339e-01
1.840067226392256e-01 7.671806240741709e-03
0.000000000000000e+00 0.000000000000000e+00
-3.058773090907100e-07 4.669862404527476e-06
-6.594874034978154e-07 1.253450033015848e-05
8.109344522099281e-03 -1.844683438333669e-01
1.858462863984077e-01 7.803545684484587e-03
0.000000000000000e+00 0.000000000000000e+00
-3.157927327733328e-07 4.677785074377688e-06
-6.642889468979791e-07 1.270346560171983e-05
8.312458444385636e-03 -1.858977970368838e-01
1.876641085671374e-01 7.935042745249870e-03
0.000000000000000e+00 0.000000000000000e+00
-3.253694241271280e-07 4.678443890354501e-06
-6.681712746721987e-07 1.287824056911115e-05
8.526948687097994e-03 -1.872176695028927e-01
1.894596904556699e-01 8.066355865037629e-03
0.000000000000000e+00 0.000000000000000e+00
-3.357757896857200e-07 4.671560437505074e-06
-6.714066565823879e-07 1.305937175932937e-05
8.753798244221504e-03 -1.884130825287921e-01
1.912324417526793e-01 8.197551543360243e-03
0.000000000000000e+00 0.000000000000000e+00
-3.467191921198312e-07 4.656627716137690e-06
-6.745487187119365e-07 1.324784821819563e-05
8.993862888868573e-03 -1.894677640185298e-01
1.929816722374542e-01 8.328691699638765e-03
0.000000000000000e+00 0.000000000000000e+00
-3.576647317179927e-07 4.632637079200061e-06
-6.770022230005824e-07 1.344407727254809e-05
9.247911111287151e-03 -1.903641416767303e-01
1.947065905049508e-01 8.459843072322733e-03
0.000000000000000e+00 0.000000000000000e+00
-3.691872508976036e-07 4.599218579505901e-06
-6.790066067004401e-07 1.364863699414200e-05
9.516527690000968e-03 -1.910833877214534e-01
1.964062984632901e-01 8.591065252149843e-03
0.000000000000000e+00 0.000000000000000e+00
-3.810659875262826e-07 4.555772357174969e-06
-6.805439258779589e-07 1.386251226280264e-05
9.800160532704709e-03 -1.916055630713835e-01
1.980797918257724e-01 8.722419014417858e-03
0.000000000000000e+00 0.000000000000000e+00
-3.932984310448672e-07 4.501348345490698e-06
-6.817103853203698e-07 1.408586165543902e-05
1.009901358970327e-02 -1.919097177433206e-01
1.997259579972339e-01 8.853955168234654e-03
0.000000000000000e+00 0.000000000000000e+00
-4.058069585262708e-07 4.435763605418276e-06
-6.824580203414816e-07 1.431941162709863e-05
1.041312748735701e-02 -1.919740819154276e-01
2.013435788841343e-01 8.985721944071658e-03
0.000000000000000e+00 0.000000000000000e+00
-4.186189683123308e-07 4.358323554637955e-06
-6.835973014045536e-07 1.456393200938702e-05
1.074224647214286e-02 -1.917762134556073e-01
2.029313319380366e-01 9.117754888765289e-03
0.000000000000000e+00 0.000000000000000e+00
-4.309424338283196e-07 4.268231143999673e-06
-6.840340488374127e-07 1.481956436816864e-05
1.108593646773276e-02 -1.912932244515634e-01
2.044877958702812e-01 9.250083206703993e-03
0.000000000000000e+00 0.000000000000000e+00
-4.438508439113893e-07 4.165373458720936e-06
-6.842662355613747e-07 1.508652826808605e-05
1.144345015283326e-02 -1.905019642279890e-01
2.060114546722893e-01 9.382721298844784e-03
0.000000000000000e+00 0.000000000000000e+00
-4.568645029784707e-07 4.049500685104384e-06
-6.843379613878453e-07 1.536598464029439e-05
1.181383835675544e-02 -1.893792672157300e-01
2.075007059563880e-01 9.515673811091037e-03
0.000000000000000e+00 0.000000000000000e+00
-4.699184557635848e-07 3.919477182775636e-06
-6.851809546770364e-07 1.565812604765291e-05
1.219584206261424e-02 -1.879021564838665e-01
2.089538677168533e-01 9.648928911454821e-03
0.000000000000000e+00 0.000000000000000e+00
-4.820990661438869e-07 3.775077035873296e-06
-6.856682157850574e-07 1.596237256958118e-05
1.258793875646864e-02 -1.860481020075593e-01
2.103691891797096e-01 9.782462457122354e-03
0.000000000000000e+00 0.000000000000000e+00
-4.945123083001104e-07 3.616902162742890e-06
-6.858803656224252e-07 1.627957867866105e-05
1.298844470997108e-02 -1.837952281682119e-01
2.117448597959737e-01 9.916232022784554e-03
0.000000000000000e+00 0.000000000000000e+00
-5.070954442107501e-07 3.444061423211179e-06
-6.866714589126206e-07 1.660998053279501e-05
1.339551234160400e-02 -1.811225567172285e-01
2.130790219275511e-01 1.005018274520224e-02
0.000000000000000e+00 0.000000000000000e+00
-5.189732150954419e-07 3.256337585741812e-06
-6.882542776832729e-07 1.695375976174613e-05
1.380700958423422e-02 -1.780101952652041e-01
2.143697813433919e-01 1.018424139463774e-02
0.000000000000000e+00 0.000000000000000e+00
-5.299505358574841e-07 3.053509646703411e-06
-6.899597752551589e-07 1.731063468584248e-05
1.422063911572074e-02 -1.744395573802218e-01
2.156152212154402e-01 1.031832122445608e-02
0.000000000000000e+00 0.000000000000000e+00
-5.406750784736064e-07 2.835875143248424e-06
-6.919723583618845e-07 1.768032527565312e-05
1.463395660155927e-02 -1.703935305107454e-01
2.168134134778631e-01 1.045231738613539e-02
0.000000000000000e+00 0.000000000000000e+00
-5.509799234932958e-07 2.603672022416370e-06
-6.943206587746153e-07 1.806321082082475e-05
1.504440212581303e-02 -1.658566635477655e-01
2.179624333536990e-01 1.058611229379072e-02
0.000000000000000e+00 0.000000000000000e+00
-5.608149207159976e-07 2.356534455493935e-06
-6.978683416067020e-07 1.845916472688107e-05
1.544929736349385e-02 -1.608152958527152e-01
2.190603708968693e-01 1.071957140920926e-02
0.000000000000000e+00 0.000000000000000e+00
-5.693337328910550e-07 2.094544989940966e-06
-7.021331967062722e-07 1.886771277395497e-05
1.584587968065282e-02 -1.552577075395749e-01
2.201053453539533e-01 1.085254876399899e-02
0.000000000000000e+00 0.000000000000000e+00
-5.769969141824203e-07 1.818189151686031e-06
-7.072235427451378e-07 1.928834128255847e-05
1.623125390141980e-02 -1.491742125929596e-01
2.210955164407680e-01 1.098488289655737e-02
0.000000000000000e+00 0.000000000000000e+00
-5.837133275882934e-07 1.527934865986789e-06
-7.131310456032848e-07 1.972094909434599e-05
1.660246414120485e-02 -1.425572721970996e-01
2.220290979932643e-01 1.111640204698874e-02
0.000000000000000e+00 0.000000000000000e+00
-5.894695612241275e-07 1.223893261181715e-06
-7.203220976148869e-07 2.016511955717960e-05
1.695658614221968e-02 -1.354015445173651e-01
2.229043682918307e-01 1.124692090656202e-02
0.000000000000000e+00 0.000000000000000e+00
-5.938163116422950e-07 9.064344079221286e-07
-7.288448256590403e-07 2.062010528091611e-05
1.729074394432337e-02 -1.277039552104561e-01
2.237196825599948e-01 1.137624656897505e-02
0.000000000000000e+00 0.000000000000000e+00
-5.966836411295919e-07 5.763148253594124e-07
-7.384642722575474e-07 2.108547704466538e-05
1.760198022227540e-02 -1.194637121526221e-01
2.244734821353550e-01 1.150417537518230e-02
0.000000000000000e+00 0.000000000000000e+00
-5.983235342013537e-07 2.339167123652168e-07
-7.495015640912276e-07 2.156051916797584e-05
1.788731562171150e-02 -1.106823357943774e-01
2.251643054108604e-01 1.163049762740358e-02
0.000000000000000e+00 0.000000000000000e+00
-5.983930522351087e-07 -1.200352122585885e-07
-7.622220469470459e-07 2.204445592600745e-05
1.814395625488873e-02 -1.013636327117993e-01
2.257907953891173e-01 1.175499500870120e-02
0.000000000000000e+00 0.000000000000000e+00
-5.966438691678946e-07 -4.848117874287169e-07
-7.764916030052796e-07 2.253645506898878e-05
1.837010697862118e-02 -9.151363689176255e-02
2.263517088757660e-01 1.187744791496500e-02
0.000000000000000e+00 0.000000000000000e+00
-5.931883428425949e-07 -8.595711051727012e-07
-7.922038234648210e-07 2.303581699798727e-05
1.856469228205300e-02 -8.114049162710509e-02
2.268459213271323e-01 1.199763979435992e-02
0.000000000000000e+00 0.000000000000000e+00
-5.881499007437520e-07 -1.243659330371295e-06
-8.094923533062529e-07 2.354154636545617e-05
1.872677047485860e-02 -7.025432520071726e-02
2.272724337071810e-01 1.211536144155381e-02
0.000000000000000e+00 0.000000000000000e+00
-5.813732414979379e-07 -1.636070292160810e-06
-8.282477380333562e-07 2.405258169389197e-05
1.885513979656597e-02 -5.886708640984856e-02
2.276303750090741e-01 1.223040859509324e-02
0.000000000000000e+00 0.000000000000000e+00
-5.729849333115302e-07 -2.035786665575216e-06
-8.485312013551304e-07 2.456810643553762e-05
1.894820957875429e-02 -4.699242820877675e-02
2.279190063779430e-01 1.234258210866124e-02
0.000000000000000e+00 0.000000000000000e+00
-5.629022417152868e-07 -2.441979163468294e-06
-8.704051161887105e-07 2.508718195888411e-05
1.900401573831392e-02 -3.464559011198046e-02
2.281377216155754e-01 1.245168400854461e-02
0.000000000000000e+00 0.000000000000000e+00
-5.510800383636579e-07 -2.853751035239948e-06
-8.934880429405733e-07 2.560872725471061e-05
1.902041465833927e-02 -2.184332726401282e-02
2.282860495935081e-01 1.255751806678397e-02
0.000000000000000e+00 0.000000000000000e+00
-5.378784565913078e-07 -3.270006058398378e-06
-9.175058227324506e-07 2.613156541496977e-05
1.899535373840348e-02 -8.603823890010258e-03
2.283636532256536e-01 1.265988805791956e-02
0.000000000000000e+00 0.000000000000000e+00
-5.235890917053074e-07 -3.689606457101224e-06
-9.423625674244253e-07 2.665483508830174e-05
1.892725699712398e-02 5.053385005652522e-03
2.283703307255421e-01 1.275860117330890e-02
0.000000000000000e+00 0.000000000000000e+00
-5.082867648295063e-07 -4.111672797570910e-06
-9.678722835919702e-07 2.717766769484481e-05
1.881542786121796e-02 1.910754627538194e-02
2.283060131259447e-01 1.285346980618296e-02
0.000000000000000e+00 0.000000000000000e+00
-4.921751128258958e-07 -4.535372626377664e-06
-9.935806821975403e-07 2.769913214378841e-05
1.866043652270707e-02 3.353684454671593e-02
2.281707638922708e-01 1.294431885782827e-02
0.000000000000000e+00 0.000000000000000e+00
-4.756875951221462e-07 -4.959753960601981e-06
-1.019097685095220e-06 2.821813383349761e-05
1.846379271848235e-02 4.831860250094545e-02
2.279647748560109e-01 1.303098961410912e-02
0.000000000000000e+00 0.000000000000000e+00
-4.592321836091204e-07 -5.383755114295006e-06
-1.043966012833420e-06 2.873390185457475e-05
1.822747928411166e-02 6.342948538451694e-02
2.276883640458076e-01 1.311334371754059e-02
0.000000000000000e+00 0.000000000000000e+00
-4.432456621654702e-07 -5.806580621580802e-06
-1.067717630878598e-06 2.924567073492151e-05
1.795361628375536e-02 7.884573284722175e-02
2.273419696819777e-01 1.319126222490907e-02
0.000000000000000e+00 0.000000000000000e+00
-4.282142349621511e-07 -6.227494125242571e-06
-1.089745303299617e-06 2.975298016137085e-05
1.764429805348190e-02 9.454335937382405e-02
2.269261464445043e-01 1.326464648361420e-02
0.000000000000000e+00 0.000000000000000e+00
-4.147249938922659e-07 -6.646006985112996e-06
-1.109552643504525e-06 3.025528318828446e-05
1.730151308135376e-02 1.104983505347695e-01
2.264415580204056e-01 1.333341495109540e-02
0.000000000000000e+00 0.000000000000000e+00
-4.032928069277324e-07 -7.061597553733297e-06
-1.126725473611175e-06 3.075212008852090e-05
1.692717307187432e-02 1.266868181742110e-01
2.258889720437376e-01 1.339750368350205e-02
0.000000000000000e+00 0.000000000000000e+00
-3.943120585868066e-07 -7.473774043998122e-06
-1.140730429472172e-06 3.124312467453874e-05
1.652317330211506e-02 1.430851509778761e-01
2.252692518633944e-01 1.345686349221540e-02
0.000000000000000e+00 0.000000000000000e+00
-3.883349030400619e-07 -7.882191854626239e-06
-1.151011758781106e-06 3.172814768499737e-05
1.609151679339087e-02 1.596701317372171e-01
2.245833507635283e-01 1.351146090771565e-02
0.000000000000000e+00 0.000000000000000e+00
-3.858976561857382e-07 -8.286666064493458e-06
-1.157029225150188e-06 3.220709989171439e-05
1.563443557906127e-02 1.764190599804394e-01
2.238323034837287e-01 1.356127651062747e-02
0.000000000000000e+00 0.000000000000000e+00
-3.875596347967766e-07 -8.687125487342729e-06
-1.158470038315772e-06 3.268003583845753e-05
1.515454626573128e-02 1.933098546703372e-01
2.230172200615469e-01 1.360630709263196e-02
0.000000000000000e+00 0.000000000000000e+00
-3.936145392737949e-07 -9.083585609290643e-06
-1.155041313835871e-06 3.314715842050675e-05
1.465496410323000e-02 2.103211718387531e-01
2.221392771463820e-01 1.364656489732973e-02
0.000000000000000e+00 0.000000000000000e+00
-4.043746253740186e-07 -9.476264037324625e-06
-1.146524225218129e-06 3.360882459129835e-05
1.413922135291149e-02 2.274324969755115e-01
2.211997117150267e-01 1.368208083453398e-02
0.000000000000000e+00 0.000000000000000e+00
-4.200399500301128e-07 -9.865475566708207e-06
-1.132725747345216e-06 3.406547388366710e-05
1.361096953981862e-02 2.446242400585993e-01
2.201998124295882e-01 1.371290240992333e-02
0.000000000000000e+00 0.000000000000000e+00
-4.408232327442406e-07 -1.025167092329619e-05
-1.113631433666092e-06 3.451762863299400e-05
1.307376235242912e-02 2.618778079596434e-01
2.191409135861108e-01 1.373909488212582e-02
0.000000000000000e+00 0.000000000000000e+00
-4.667205009709851e-07 -1.063532682525746e-05
-1.089391834559437e-06 3.496582942854107e-05
1.253086500298989e-02 2.791756728077047e-01
2.180243866409987e-01 1.376073726223530e-02
0.000000000000000e+00 0.000000000000000e+00
-4.976012143977610e-07 -1.101699169813203e-05
-1.060158350884753e-06 3.541070869849117e-05
1.198512337172013e-02 2.965014043604771e-01
2.168516346563606e-01 1.377792221096176e-02
0.000000000000000e+00 0.000000000000000e+00
-5.332958810851343e-07 -1.139724925851112e-05
-1.026251981790744e-06 3.585291526325302e-05
1.143884435681863e-02 3.138396907519974e-01
2.156240841167378e-01 1.379075100395154e-02
0.000000000000000e+00 0.000000000000000e+00
-5.735037808649458e-07 -1.177675319506692e-05
-9.882169195400324e-07 3.629322035030061e-05
1.089372230309559e-02 3.311763218588390e-01
2.143431803527572e-01 1.379933293414999e-02
0.000000000000000e+00 0.000000000000000e+00
-6.176629412904948e-07 -1.215622335916551e-05
-9.467883084463448e-07 3.673233640969960e-05
1.035076835379929e-02 3.484981625665327e-01
2.130103802510427e-01 1.380377979222182e-02
0.000000000000000e+00 0.000000000000000e+00
-6.650587288846580e-07 -1.253637450917105e-05
-9.027542114767381e-07 3.717105166314748e-05
9.810277689146541e-03 3.657930927988685e-01
2.116271482817967e-01 1.380420538139823e-02
0.000000000000000e+00 0.000000000000000e+00
-7.148855695173144e-07 -1.291794121402394e-05
-8.570381540891767e-07 3.761001620754466e-05
9.271795673462346e-03 3.830499412595528e-01
2.101949507623023e-01 1.380072000575914e-02
0.000000000000000e+00 0.000000000000000e+00
-7.662406625332595e-07 -1.330157369917902e-05
-8.106477288985826e-07 3.804985688127590e-05
8.734117721843520e-03 4.002583917393735e-01
2.087152526052349e-01 1.379342993548627e-02
0.000000000000000e+00 0.000000000000000e+00
-8.180991305532057e-07 -1.368784325603998e-05
-7.647896923305052e-07 3.849113176816321e-05
8.195287165337586e-03 4.174088893346481e-01
2.071895130533179e-01 1.378243248742303e-02
0.000000000000000e+00 0.000000000000000e+00
-8.692751271080805e-07 -1.407730628894228e-05
-7.208318017095930e-07 3.893429748646992e-05
7.652624074416735e-03 4.344925262859770e-01
2.056191835600776e-01 1.376781575957085e-02
0.000000000000000e+00 0.000000000000000e+00
-9.183838016359410e-07 -1.447036233435312e-05
-6.802303467187185e-07 3.937972221986002e-05
7.102743836217700e-03 4.515009335123258e-01
2.040057046065391e-01 1.374965420755597e-02
0.000000000000000e+00 0.000000000000000e+00
-9.639899236730176e-07 -1.486737642153925e-05
-6.444745575513351e-07 3.982768520041863e-05
6.541503038102109e-03 4.684261520780028e-01
2.023505048291799e-01 1.372800889838792e-02
0.000000000000000e+00 0.000000000000000e+00
-1.004587359267987e-06 -1.526856938940695e-05
-6.151473911878049e-07 4.027823797201909e-05
5.963958920964448e-03 4.852605154102439e-01
2.006549989161125e-01 1.370292287268563e-02
0.000000000000000e+00 0.000000000000000e+00
-1.038614355415367e-06 -1.567398817167128e-05
-5.937816468865886e-07 4.073138010267031e-05
5.364435610339727e-03 5.019965259883997e-01
1.989205878268510e-01 1.367442167049526e-02
0.000000000000000e+00 0.000000000000000e+00
-1.064521395657155e-06 -1.608357272870818e-05
-5.820741061595907e-07 4.118681534867528e-05
4.736591375385171e-03 5.186267446147078e-01
1.971486576496471e-01 1.364250933697258e-02
0.000000000000000e+00 0.000000000000000e+00
-1.080633019402085e-06 -1.649702106675051e-05
-5.816679424272304e-07 4.164425974120564e-05
4.073510104985845e-03 5.351436744581375e-01
1.953405806032839e-01 1.360716947620220e-02
0.000000000000000e+00 0.000000000000000e+00
-1.085289483198530e-06 -1.691398876811222e-05
-5.942638208445351e-07 4.210314848990325e-05
3.367787298682555e-03 5.515396625611944e-01
1.934977147704613e-01 1.356836233780407e-02
0.000000000000000e+00 0.000000000000000e+00
-1.076811541618558e-06 -1.733390450547355e-05
-6.214801318291802e-07 4.256286664549544e-05
2.611637775773143e-03 5.678068011902990e-01
1.916214056106329e-01 1.352602651348690e-02
0.000000000000000e+00 0.000000000000000e+00
-1.053564352908519e-06 -1.775609236510890e-05
-6.648800645189290e-07 4.302256531397564e-05
1.796996735399868e-03 5.839368494951476e-01
1.897129864607206e-01 1.348007676538120e-02
0.000000000000000e+00 0.000000000000000e+00
-1.014006229348314e-06 -1.817969643872174e-05
-7.258583845958439e-07 4.348134694648462e-05
9.156393555224788e-04 5.999211595925110e-01
1.877737802238613e-01 1.343040664849116e-02
0.000000000000000e+00 0.000000000000000e+00
-9.567260454373407e-07 -1.860375799258661e-05
-8.058318277622386e-07 4.393803892947583e-05
-4.070873501002459e-05 6.157506247135122e-01
1.858051003614704e-01 1.337688693490880e-02
0.000000000000000e+00 0.000000000000000e+00
-8.803286215638064e-07 -1.902709720634260e-05
-9.059874487297932e-07 4.439138429706894e-05
-1.080245905268813e-03 6.314156338944950e-01
1.838082527349854e-01 1.331936906505963e-02
0.000000000000000e+00 0.000000000000000e+00
-7.836106240651323e-07 -1.944839596226552e-05
-1.027465134046928e-06 4.483997152323339e-05
-2.210980652681874e-03 6.469060497204290e-01
1.817845367207926e-01 1.325768419775074e-02
0.000000000000000e+00 0.000000000000000e+00
-6.654537665213995e-07 -1.986623556555360e-05
-1.171232241544206e-06 4.528229483913154e-05
-3.440606955141627e-03 6.622111931407567e-01
1.797352469756828e-01 1.319164731663377e-02
0.000000000000000e+00 0.000000000000000e+00
-5.248744688935340e-07 -2.027904935037437e-05
-1.338158914356791e-06 4.571675533334952e-05
-4.776393825161751e-03 6.773198508766992e-01
1.776616744831195e-01 1.312105703596215e-02
0.000000000000000e+00 0.000000000000000e+00
-3.610242198568031e-07 -2.068523148904326e-05
-1.528811198128658e-06 4.614167336380703e-05
-6.225068207407792e-03 6.922202895692766e-01
1.755651081963850e-01 1.304569989866478e-02
0.000000000000000e+00 0.000000000000000e+00
-1.733207948853200e-07 -2.108304188220471e-05
-1.743729542774240e-06 4.655533883504579e-05
-7.792714884312434e-03 7.069002910141403e-01
1.734468356974504e-01 1.296535096939196e-02
0.000000000000000e+00 0.000000000000000e+00
3.875459421102059e-08 -2.147076395342323e-05
-1.983160479833429e-06 4.695603145118800e-05
-9.484675213443232e-03 7.213471924121397e-01
1.713081445860353e-01 1.287977827192629e-02
0.000000000000000e+00 0.000000000000000e+00
2.754646254232868e-07 -2.184661754697415e-05
-2.247282042221043e-06 4.734193705980634e-05
-1.130549006881097e-02 7.355479440046004e-01
1.691503227803695e-01 1.278874385797724e-02
0.000000000000000e+00 0.000000000000000e+00
5.369656516331636e-07 -2.220878252830587e-05
-2.536035070283570e-06 4.771128480791223e-05
-1.325880971716680e-02 7.494891720326837e-01
1.669746594242775e-01 1.269200821467372e-02
0.000000000000000e+00 0.000000000000000e+00
8.232146132207631e-07 -2.255542880353417e-05
-2.849188031501361e-06 4.806230768830425e-05
-1.534729884482229e-02 7.631572586229652e-01
1.647824446686269e-01 1.258933164434278e-02
0.000000000000000e+00 0.000000000000000e+00
1.133958294527735e-06 -2.288478403049287e-05
-3.186357667364428e-06 4.839325559390647e-05
-1.757254932911419e-02 7.765384218784506e-01
1.625749702459120e-01 1.248047875929607e-02
0.000000000000000e+00 0.000000000000000e+00
1.468829493702990e-06 -2.319503964953285e-05
-3.546956054104779e-06 4.870240707228446e-05
-1.993502241321840e-02 7.896188079204700e-01
1.603535286711562e-01 1.236522016685504e-02
0.000000000000000e+00 0.000000000000000e+00
1.827218618001096e-06 -2.348446966389294e-05
-3.930177274374472e-06 4.898816341413219e-05
-2.243399983268378e-02 8.023845804080079e-01
1.581194132004490e-01 1.224333692218190e-02
0.000000000000000e+00 0.000000000000000e+00
2.208335785842576e-06 -2.375141783503034e-05
-4.335119734293627e-06 4.924894770510030e-05
-2.506756230540801e-02 8.148220188561510e-01
1.558739167403597e-01 1.211462199604897e-02
0.000000000000000e+00 0.000000000000000e+00
2.611257738535019e-06 -2.399430359773032e-05
-4.760668831045093e-06 4.948329736985204e-05
-2.783257582036686e-02 8.269176116003020e-01
1.536183312477505e-01 1.197888471260359e-02
0.000000000000000e+00 0.000000000000000e+00
3.034885895496340e-06 -2.421160786588744e-05
-5.205603335134244e-06 4.968986138920396e-05
-3.072470259258582e-02 8.386581546046448e-01
1.513539461950742e-01 1.183595188844565e-02
0.000000000000000e+00 0.000000000000000e+00
3.477977382043563e-06 -2.440197695654168e-05
-5.668594661462909e-06 4.986736204329522e-05
-3.373841767174782e-02 8.500308422157314e-01
1.490820475230742e-01 1.168567177288840e-02
0.000000000000000e+00 0.000000000000000e+00
3.939219642099259e-06 -2.456407773206285e-05
-6.148171611054953e-06 5.001463741721698e-05
-3.686704785608028e-02 8.610233604099136e-01
1.468039158676514e-01 1.152791503536727e-02
0.000000000000000e+00 0.000000000000000e+00
4.417119847957599e-06 -2.469674666984306e-05
-6.642760024083333e-06 5.013070365873537e-05
-4.010281420601882e-02 8.716239699661408e-01
1.445208250937342e-01 1.136257803697221e-02
0.000000000000000e+00 0.000000000000000e+00
4.910119882136877e-06 -2.479894565652355e-05
-7.150707639128367e-06 5.021469212825863e-05
-4.343689369964388e-02 8.818215896968187e-01
1.422340402502454e-01 1.118958342408582e-02
0.000000000000000e+00 0.000000000000000e+00
5.416545883816005e-06 -2.486980555786458e-05
-7.670238445608156e-06 5.026590086544217e-05
-4.685948238235867e-02 8.916058674957998e-01
1.399448158707787e-01 1.100888273538024e-02
0.000000000000000e+00 0.000000000000000e+00
5.934637913039637e-06 -2.490857134021476e-05
-8.199598562089205e-06 5.028372284568510e-05
-5.035987473891285e-02 9.009672494121047e-01
1.376543938103623e-01 1.082045665491715e-02
0.000000000000000e+00 0.000000000000000e+00
6.462620527227009e-06 -2.491463662740382e-05
-8.736930183720225e-06 5.026779801402862e-05
-5.392654225559534e-02 9.098970358270214e-01
1.353640014391411e-01 1.062431689208702e-02
0.000000000000000e+00 0.000000000000000e+00
6.998652013332512e-06 -2.488758951672804e-05
-9.280373451361092e-06 5.021784146026208e-05
-5.754722509851102e-02 9.183874338545152e-01
1.330748493282106e-01 1.042050595928633e-02
0.000000000000000e+00 0.000000000000000e+00
7.540851007393036e-06 -2.482714692112829e-05
-9.828041769619059e-06 5.013378340335465e-05
-6.120902086519673e-02 9.264315962396417e-01
1.307881294087286e-01 1.020909842871292e-02
0.000000000000000e+00 0.000000000000000e+00
8.087347051461641e-06 -2.473318843875001e-05
-1.037807293594005e-05 5.001567177498392e-05
-6.489848359132636e-02 9.340236562750943e-01
1.285050127923002e-01 9.990200269156412e-03
0.000000000000000e+00 0.000000000000000e+00
8.636256482824439e-06 -2.460576501111288e-05
-1.092849570903886e-05 4.986369102616773e-05
-6.860171759085644e-02 9.411587486793631e-01
1.262266479371594e-01 9.763949446004684e-03
0.000000000000000e+00 0.000000000000000e+00
9.185624256575014e-06 -2.444501170032819e-05
-1.147757079140133e-05 4.967818385347350e-05
-7.230447805032278e-02 9.478330263595641e-01
1.239541585706099e-01 9.530514865268590e-03
0.000000000000000e+00 0.000000000000000e+00
9.733689684772674e-06 -2.425127539804321e-05
-1.202342449062771e-05 4.945962834137424e-05
-7.599225278056991e-02 9.540436648129793e-01
1.216886420018993e-01 9.290096458279431e-03
0.000000000000000e+00 0.000000000000000e+00
1.027859532373217e-05 -2.402498599609923e-05
-1.256425138766967e-05 4.920860827988454e-05
-7.965035080006636e-02 9.597888622849055e-01
1.194311673368201e-01 9.042923721440657e-03
0.000000000000000e+00 0.000000000000000e+00
1.081851443578391e-05 -2.376673265415900e-05
-1.309834418750152e-05 4.892585342645865e-05
-8.326398875687174e-02 9.650678269175436e-01
1.171827738761256e-01 8.789255425788898e-03
0.000000000000000e+00 0.000000000000000e+00
1.135175604946133e-05 -2.347719814041192e-05
-1.362400946673672e-05 4.861216581007131e-05
-8.681838307902255e-02 9.698807608401336e-01
1.149444695984940e-01 8.529377835731320e-03
0.000000000000000e+00 0.000000000000000e+00
1.187660550866453e-05 -2.315719101772770e-05
-1.413961980435427e-05 4.826850196485792e-05
-9.029883367382927e-02 9.742288326681383e-01
1.127172299093933e-01 8.263604065842933e-03
0.000000000000000e+00 0.000000000000000e+00
1.239145179373290e-05 -2.280762202468997e-05
-1.464367539570900e-05 4.789589166395525e-05
-9.369081129574493e-02 9.781141474441171e-01
1.105019963334455e-01 7.992271986242935e-03
0.000000000000000e+00 0.000000000000000e+00
1.289477394954155e-05 -2.242952860985713e-05
-1.513473416421733e-05 4.749550278506427e-05
-9.698003521716019e-02 9.815397067025977e-01
1.082996755898169e-01 7.715743355932927e-03
0.000000000000000e+00 0.000000000000000e+00
1.338514639890895e-05 -2.202403403013979e-05
-1.561145322999812e-05 4.706851904442832e-05
-1.001525528957643e-01 9.845093670894208e-01
1.061111385992186e-01 7.434401435963377e-03
0.000000000000000e+00 0.000000000000000e+00
1.386120521186346e-05 -2.159233078243572e-05
-1.607255660332703e-05 4.661625588815674e-05
-1.031948088027738e-01 9.870277904151115e-01
1.039372198890840e-01 7.148649873585739e-03
0.000000000000000e+00 0.000000000000000e+00
1.432169099412766e-05 -2.113569082996850e-05
-1.651689654136082e-05 4.614002842351194e-05
-1.060937142637158e-01 9.891003933911117e-01
1.017787169097230e-01 6.858910327784825e-03
0.000000000000000e+00 0.000000000000000e+00
1.476543505688468e-05 -2.065543914999827e-05
-1.694344798251960e-05 4.564134322344144e-05
-1.088367062084542e-01 9.907332904030657e-01
9.963638979854755e-02 6.565620945516916e-03
0.000000000000000e+00 0.000000000000000e+00
1.519142903561396e-05 -2.015303992796856e-05
-1.735120499063127e-05 4.512163513910323e-05
-1.114118057707845e-01 9.919332370907708e-01
9.751096100011357e-02 6.269234128610258e-03
0.000000000000000e+00 0.000000000000000e+00
1.559864616586673e-05 -1.962993893324890e-05
-1.773934561521202e-05 4.458243941166429e-05
-1.138076655790925e-01 9.927075682127896e-01
9.540311532187777e-02 5.970214822728717e-03
0.000000000000000e+00 0.000000000000000e+00
1.598628129543300e-05 -1.908763007722164e-05
-1.810710717864361e-05 4.402526653132842e-05
-1.160136141473106e-01 9.930641378642461e-01
9.331349988528136e-02 5.669038337453062e-03
0.000000000000000e+00 0.000000000000000e+00
1.635355103894307e-05 -1.852763578615232e-05
-1.845384138512354e-05 4.345166228291902e-05
-1.180196889833331e-01 9.930112552294044e-01
9.124272443052328e-02 5.366188445123502e-03
0.000000000000000e+00 0.000000000000000e+00
1.669982401526356e-05 -1.795146151397292e-05
-1.877898637361732e-05 4.286325421353317e-05
-1.198166697793220e-01 9.925576233888648e-01
8.919136166784558e-02 5.062155423935785e-03
0.000000000000000e+00 0.000000000000000e+00
1.702451777228690e-05 -1.736074774433589e-05
-1.908210147082661e-05 4.226161070459576e-05
-1.213961013688152e-01 9.917122751048237e-01
8.715994770389703e-02 4.757434165587092e-03
0.000000000000000e+00 0.000000000000000e+00
1.732720867313502e-05 -1.675702348204948e-05
-1.936281592755813e-05 4.164831343066759e-05
-1.227503169370764e-01 9.904845121885976e-01
8.514898277904512e-02 4.452522199058297e-03
0.000000000000000e+00 0.000000000000000e+00
1.760750549452991e-05 -1.614188427099190e-05
-1.962086553586740e-05 4.102489862094168e-05
-1.238724515206661e-01 9.888838430041261e-01
8.315893181789075e-02 4.147917997784766e-03
0.000000000000000e+00 0.000000000000000e+00
1.786516119162983e-05 -1.551682789725382e-05
-1.985608789966350e-05 4.039297132281342e-05
-1.247564557969997e-01 9.869199245275325e-01
8.119022542775248e-02 3.844119028489852e-03
0.000000000000000e+00 0.000000000000000e+00
1.809999300315982e-05 -1.488347416087578e-05
-2.006837899425972e-05 3.975408279590320e-05
-1.253971008292880e-01 9.846025030481415e-01
7.924326065504785e-02 3.541620220974265e-03
0.000000000000000e+00 0.000000000000000e+00
1.831191421137016e-05 -1.424333675757902e-05
-2.025778628630409e-05 3.910970414251846e-05
-1.257899833293612e-01 9.819413601912168e-01
7.731840214960893e-02 3.240912130057483e-03
0.000000000000000e+00 0.000000000000000e+00
1.850095202510849e-05 -1.359790238961578e-05
-2.042434748077240e-05 3.846138208471362e-05
-1.259315224905433e-01 9.789462584874994e-01
7.541598308166880e-02 2.942479601570763e-03
0.000000000000000e+00 0.000000000000000e+00
1.866716158829202e-05 -1.294868105198335e-05
-2.056822308950795e-05 3.781048878736247e-05
-1.258189578420405e-01 9.756268923719430e-01
7.353630644506605e-02 2.646799989261468e-03
0.000000000000000e+00 0.000000000000000e+00
1.881068327240547e-05 -1.229706130279690e-05
-2.068967394661472e-05 3.715851733542111e-05
-1.254503392704685e-01 9.719928394720065e-01
7.167964610102554e-02 2.354342031188006e-03
0.000000000000000e+00 0.000000000000000e+00
1.893179547876681e-05 -1.164450029249655e-05
-2.078898692335631e-05 3.650678133703484e-05
-1.248245185632159e-01 9.680535175731726e-01
6.984624817261681e-02 2.065564301765585e-03
0.000000000000000e+00 0.000000000000000e+00
1.903076505291050e-05 -1.099232877978062e-05
-2.086654274876442e-05 3.585666595479563e-05
-1.239411337205794e-01 9.638181420762627e-01
6.803633220070333e-02 1.780914107803573e-03
0.000000000000000e+00 0.000000000000000e+00
1.910799041694655e-05 -1.034189673801795e-05
-2.092273225194915e-05 3.520938930270274e-05
-1.228005941946159e-01 9.592956895674516e-01
6.625009255248412e-02 1.500826287161404e-03
0.000000000000000e+00 0.000000000000000e+00
1.916384248599246e-05 -9.694440145537412e-06
-2.095803590641199e-05 3.456624212846742e-05
-1.214040596727846e-01 9.544948621749921e-01
6.448769967400780e-02 1.225722097179979e-03
0.000000000000000e+00 0.000000000000000e+00
1.919881955335714e-05 -9.051215253003739e-06
-2.097296319670430e-05 3.392832166728572e-05
-1.197534214865918e-01 9.494240579918223e-01
6.274930148073134e-02 9.560083540170542e-04
0.000000000000000e+00 0.000000000000000e+00
1.921341130316691e-05 -8.413337848253807e-06
-2.096807978066262e-05 3.329678188546436e-05
-1.178512787482427e-01 9.440913419639859e-01
6.103502465416737e-02 6.920763850677226e-04
0.000000000000000e+00 0.000000000000000e+00
1.920820132344434e-05 -7.781928049040608e-06
-2.094396887889300e-05 3.267266811878580e-05
-1.157009174015665e-01 9.385044230189700e-01
5.934497608048329e-02 4.343014051395137e-04
0.000000000000000e+00 0.000000000000000e+00
1.918375314773902e-05 -7.158050385379930e-06
-2.090126831245864e-05 3.205702938331910e-05
-1.133062845837047e-01 9.326706320556411e-01
5.767924401962934e-02 1.830415934950326e-04
0.000000000000000e+00 0.000000000000000e+00
1.914072263459846e-05 -6.542720625497456e-06
-2.084068836385208e-05 3.145078268321309e-05
-1.106719662270261e-01 9.265969055084784e-01
5.603789963713360e-02 -6.136232363241637e-05
0.000000000000000e+00 0.000000000000000e+00
1.907980049138754e-05 -5.936875581860254e-06
-2.076280006012438e-05 3.085480803537536e-05
-1.078031604965711e-01 9.202897696598367e-01
5.442099803438891e-02 -2.985879148623194e-04
0.000000000000000e+00 0.000000000000000e+00
1.900157589758016e-05 -5.341362585568388e-06
-2.066841852209273e-05 3.026992648070762e-05
-1.047056547406507e-01 9.137553306974442e-01
5.282857981870556e-02 -5.283312057311216e-04
0.000000000000000e+00 0.000000000000000e+00
1.890684447802515e-05 -4.757023051322265e-06
-2.055819661286058e-05 2.969692947324009e-05
-1.013857988213756e-01 9.069992652571446e-01
5.126067203593190e-02 -7.503074536495606e-04
0.000000000000000e+00 0.000000000000000e+00
1.879627737113976e-05 -4.184616277207183e-06
-2.043284661914209e-05 2.913651970424934e-05
-9.785048198776916e-02 9.000268162992552e-01
4.971728960684139e-02 -9.642512039340287e-04
0.000000000000000e+00 0.000000000000000e+00
1.867056745104397e-05 -3.624865858930733e-06
-2.029312373698578e-05 2.858939824893848e-05
-9.410710679588724e-02 8.928427894298238e-01
4.819843635127973e-02 -1.169916815531888e-03
0.000000000000000e+00 0.000000000000000e+00
1.853048829065901e-05 -3.078441210476705e-06
-2.013982610651957e-05 2.805615930580184e-05
-9.016356658274115e-02 8.854515542165420e-01
4.670410620512926e-02 -1.367078494746115e-03
0.000000000000000e+00 0.000000000000000e+00
1.837681871136530e-05 -2.545957926254629e-06
-1.997363156583217e-05 2.753739366669694e-05
-8.602822019602631e-02 8.778570457818968e-01
4.523428415923382e-02 -1.555530662093067e-03
0.000000000000000e+00 0.000000000000000e+00
1.821025501646998e-05 -2.027975594236850e-06
-1.979533139643550e-05 2.703355658361440e-05
-8.170987065633710e-02 8.700627709572216e-01
4.378894744899264e-02 -1.735087922680187e-03
0.000000000000000e+00 0.000000000000000e+00
1.803156924565517e-05 -1.524971328433001e-06
-1.960560958924093e-05 2.654512759450796e-05
-7.721774104313657e-02 8.620718144641357e-01
4.236806638066683e-02 -1.905585249359460e-03
0.000000000000000e+00 0.000000000000000e+00
1.784146395120864e-05 -1.037393886275122e-06
-1.940522329439244e-05 2.607252545393650e-05
-7.256145396183637e-02 8.538868495769802e-01
4.097160537916781e-02 -2.066877958217110e-03
0.000000000000000e+00 0.000000000000000e+00
1.764067711433264e-05 -5.656843121123033e-07
-1.919487652415911e-05 2.561612530021505e-05
-6.775100878570464e-02 8.455101485440686e-01
3.959952376766231e-02 -2.218841708637491e-03
0.000000000000000e+00 0.000000000000000e+00
1.742993138753455e-05 -1.101873812578958e-07
-1.897529189619992e-05 2.517621020569801e-05
-6.279676268822534e-02 8.369435968632316e-01
3.825177663242202e-02 -2.361372478786128e-03
0.000000000000000e+00 0.000000000000000e+00
1.720993029045735e-05 3.287911698917973e-07
-1.874714190843349e-05 2.475306950188371e-05
-5.770940991141851e-02 8.281887071494632e-01
3.692831558024227e-02 -2.494386421722141e-03
0.000000000000000e+00 0.000000000000000e+00
1.698136503995285e-05 7.509919912598907e-07
-1.851113811555537e-05 2.434692497417378e-05
-5.249996476501228e-02 8.192466367724446e-01
3.562908943461018e-02 -2.617819826052068e-03
0.000000000000000e+00 0.000000000000000e+00
1.674492815564390e-05 1.156170259709294e-06
-1.826789413471823e-05 2.395798757535052e-05
-4.717974277350052e-02 8.101182046860087e-01
3.435404487973358e-02 -2.731628909122200e-03
0.000000000000000e+00 0.000000000000000e+00
1.650125203913723e-05 1.544144657803911e-06
-1.801807213211141e-05 2.358639833874136e-05
-4.176034568006330e-02 8.008039114697253e-01
3.310312711490724e-02 -2.835789639970956e-03
0.000000000000000e+00 0.000000000000000e+00
1.625097988173657e-05 1.914750778317160e-06
-1.776225191716298e-05 2.323227331456494e-05
-3.625364449620107e-02 7.913039587925151e-01
3.187628031522725e-02 -2.930297632909837e-03
0.000000000000000e+00 0.000000000000000e+00
1.599471034140529e-05 2.267901882278417e-06
-1.750104918088727e-05 2.289567931096628e-05
-3.067176634521786e-02 7.816182716366106e-01
3.067344823976824e-02 -3.015167782232629e-03
0.000000000000000e+00 0.000000000000000e+00
1.573304018833771e-05 2.603507463952985e-06
-1.723500478868203e-05 2.257669340067158e-05
-2.502707947478813e-02 7.717465196473058e-01
2.949457450582041e-02 -3.090434201532784e-03
0.000000000000000e+00 0.000000000000000e+00
1.546652918640597e-05 2.921519476555382e-06
-1.696468198075831e-05 2.227532822231184e-05
-1.933218172282224e-02 7.616881410341180e-01
2.833960319978325e-02 -3.156149798216111e-03
0.000000000000000e+00 0.000000000000000e+00
1.519572170306797e-05 3.221901279566217e-06
-1.669060024020308e-05 2.199157576923534e-05
-1.359988727286006e-02 7.514423654955450e-01
2.720847895749621e-02 -3.212386168615063e-03
0.000000000000000e+00 0.000000000000000e+00
1.492115618242287e-05 3.504689631209813e-06
-1.641325601384717e-05 2.172536668805210e-05
-7.843216743466167e-03 7.410082392536272e-01
2.610114751291489e-02 -3.259233183965271e-03
0.000000000000000e+00 0.000000000000000e+00
1.464331022517874e-05 3.769929615681619e-06
-1.613304872579889e-05 2.147667512214122e-05
-2.075385365050318e-03 7.303846490913584e-01
2.501755569331329e-02 -3.296798821993585e-03
0.000000000000000e+00 0.000000000000000e+00
1.436260227055905e-05 4.017675585480143e-06
-1.585043969899876e-05 2.124538102617606e-05
3.690205448804173e-03 7.195703484021493e-01
2.395765184881294e-02 -3.325208801541700e-03
0.000000000000000e+00 0.000000000000000e+00
1.407947482293598e-05 4.248023060957123e-06
-1.556582402872118e-05 2.103140357102902e-05
9.439978517036117e-03 7.085639818269521e-01
2.292138576555486e-02 -3.344606284684150e-03
0.000000000000000e+00 0.000000000000000e+00
1.379434203804643e-05 4.461081132292439e-06
-1.527959788611980e-05 2.083457882123047e-05
1.516018834488531e-02 6.973641118581979e-01
2.190870902794207e-02 -3.355151643141064e-03
0.000000000000000e+00 0.000000000000000e+00
1.350758129973411e-05 4.656988979256195e-06
-1.499207666951992e-05 2.065479147117796e-05
2.083693039495995e-02 6.859692438498665e-01
2.091957478370132e-02 -3.357022017681221e-03
0.000000000000000e+00 0.000000000000000e+00
1.321952710579794e-05 4.835889942792429e-06
-1.470358689759774e-05 2.049185041223889e-05
2.645614776478264e-02 6.743778528211684e-01
1.995393811998043e-02 -3.350411146267168e-03
0.000000000000000e+00 0.000000000000000e+00
1.293048719903577e-05 4.997950179434530e-06
-1.441439230223397e-05 2.034558968550587e-05
3.200363965037808e-02 6.625884086662801e-01
1.901175567377381e-02 -3.335528954227939e-03
0.000000000000000e+00 0.000000000000000e+00
1.264074445788265e-05 5.143363453284287e-06
-1.412476633871208e-05 2.021576796056896e-05
3.746506734770062e-02 6.505994028244326e-01
1.809298592998697e-02 -3.312601261112244e-03
0.000000000000000e+00 0.000000000000000e+00
1.235055356343025e-05 5.272345961594847e-06
-1.383493610415152e-05 2.010219899798503e-05
4.282596213106225e-02 6.384093733097698e-01
1.719758886399814e-02 -3.281869470215978e-03
0.000000000000000e+00 0.000000000000000e+00
1.206016079666497e-05 5.385111564467739e-06
-1.354513507641598e-05 2.000462111647255e-05
4.807173058780961e-02 6.260169310916509e-01
1.632552598750007e-02 -3.243590254495970e-03
0.000000000000000e+00 0.000000000000000e+00
1.176978087748828e-05 5.481896624936162e-06
-1.325550201032018e-05 1.992283950459287e-05
5.318766194700746e-02 6.134207848712953e-01
1.547676013256891e-02 -3.198035201458741e-03
0.000000000000000e+00 0.000000000000000e+00
1.147957176905010e-05 5.562923399981637e-06
-1.296618734729457e-05 1.985658326664978e-05
5.815893315061991e-02 6.006197668862645e-01
1.465125530839611e-02 -3.145490534602760e-03
0.000000000000000e+00 0.000000000000000e+00
1.118966515169668e-05 5.628437294145312e-06
-1.267728087948509e-05 1.980562730816744e-05
6.297061598636282e-02 5.876128570642381e-01
1.384897644498658e-02 -3.086256762359911e-03
0.000000000000000e+00 0.000000000000000e+00
1.090017004941054e-05 5.678690692320872e-06
-1.238891957977041e-05 1.976964800007507e-05
6.760768204151060e-02 5.743992082322028e-01
1.306988921491505e-02 -3.020648382094849e-03
0.000000000000000e+00 0.000000000000000e+00
1.061120468618390e-05 5.713981586432542e-06
-1.210112570947637e-05 1.974838353487570e-05
7.205500968329591e-02 5.609781695409818e-01
1.231395973619238e-02 -2.948993521791664e-03
0.000000000000000e+00 0.000000000000000e+00
1.032281056651430e-05 5.734598914805433e-06
-1.181396732773267e-05 1.974153790090261e-05
7.629738924026476e-02 5.473493109440879e-01
1.158115431894659e-02 -2.871633715204040e-03
0.000000000000000e+00 0.000000000000000e+00
1.003503699952805e-05 5.740812918617070e-06
-1.152747223661167e-05 1.974884078860271e-05
8.031953012854226e-02 5.335124457170968e-01
1.087143913861017e-02 -2.788923445265174e-03
0.000000000000000e+00 0.000000000000000e+00
9.747931048052218e-06 5.732920899137183e-06
-1.124164135853408e-05 1.976998285498931e-05
8.410606624645298e-02 5.194676539292287e-01
1.018477996835579e-02 -2.701229972487678e-03
0.000000000000000e+00 0.000000000000000e+00
9.461474878319178e-06 5.711206303060966e-06
-1.095641062175665e-05 1.980466676793392e-05
8.764156346624422e-02 5.052153041337514e-01
9.521141737987144e-03 -2.608932897942797e-03
0.000000000000000e+00 0.000000000000000e+00
9.175623683038839e-06 5.675993321754226e-06
-1.067174326395670e-05 1.985256660797672e-05
9.091052549913972e-02 4.907560757095856e-01
8.880488340466553e-03 -2.512423944568267e-03
0.000000000000000e+00 0.000000000000000e+00
8.890321946256251e-06 5.627581866267622e-06
-1.038755067049485e-05 1.991340351021169e-05
9.389740189666654e-02 4.760909794751058e-01
8.262782070093041e-03 -2.412106550239004e-03
0.000000000000000e+00 0.000000000000000e+00
8.605500320762986e-06 5.566277542633664e-06
-1.010376970939633e-05 1.998682702693168e-05
9.658659442664316e-02 4.612213789234843e-01
7.667983436688025e-03 -2.308395657083059e-03
0.000000000000000e+00 0.000000000000000e+00
8.321076910025883e-06 5.492404690385076e-06
-9.820258127179741e-06 2.007253698310581e-05
9.896246577326365e-02 4.461490097204720e-01
7.096050592058234e-03 -2.201717280087749e-03
0.000000000000000e+00 0.000000000000000e+00
8.036928730578945e-06 5.406290098459081e-06
-9.536890915116337e-06 2.017017431408441e-05
1.010093466294452e-01 4.308759997335838e-01
6.546939074069282e-03 -2.092508304128436e-03
0.000000000000000e+00 0.000000000000000e+00
7.752912000405781e-06 5.308266645880563e-06
-9.253498565838397e-06 2.027945081188454e-05
1.027115450285258e-01 4.154048872374962e-01
6.020601267701551e-03 -1.981216046553686e-03
0.000000000000000e+00 0.000000000000000e+00
7.468876480742438e-06 5.198649058967995e-06
-8.969916904644414e-06 2.040000096550443e-05
1.040533543780637e-01 3.997386396931510e-01
5.516986121405558e-03 -1.868298077077355e-03
0.000000000000000e+00 0.000000000000000e+00
7.184639210161896e-06 5.077776557001624e-06
-8.685950605096442e-06 2.053152207856323e-05
1.050190635874448e-01 3.838806706679574e-01
5.036038542036513e-03 -1.754221737352607e-03
0.000000000000000e+00 0.000000000000000e+00
6.900024126301061e-06 4.945978271036772e-06
-8.401409682167996e-06 2.067363690840959e-05
1.055929660242152e-01 3.678348572497143e-01
4.577699162745365e-03 -1.639463983770022e-03
0.000000000000000e+00 0.000000000000000e+00
6.614822438780981e-06 4.803605083420629e-06
-8.116055730332822e-06 2.082604884201085e-05
1.057593705723348e-01 3.516055556923879e-01
4.141903700186349e-03 -1.524510891090125e-03
0.000000000000000e+00 0.000000000000000e+00
6.328815008172561e-06 4.650979947843390e-06
-7.829687534856891e-06 2.098837198763439e-05
1.055026114819271e-01 3.351976173601837e-01
3.728582730266775e-03 -1.409857496958534e-03
0.000000000000000e+00 0.000000000000000e+00
6.041781789088354e-06 4.488462323212980e-06
-7.542025856535879e-06 2.116029080916745e-05
1.048070603443236e-01 3.186164029434955e-01
3.337660994438348e-03 -1.296007288413130e-03
0.000000000000000e+00 0.000000000000000e+00
5.753462810914395e-06 4.316394011833525e-06
-7.252824543602606e-06 2.134143081421408e-05
1.036571368769203e-01 3.018677970765242e-01
2.969057235190141e-03 -1.183472049948821e-03
0.000000000000000e+00 0.000000000000000e+00
5.463593055576961e-06 4.135123015210069e-06
-6.961791494326514e-06 2.153146767666384e-05
1.020373218811084e-01 2.849582210982471e-01
2.622683485274617e-03 -1.072771345596311e-03
0.000000000000000e+00 0.000000000000000e+00
5.171899696852641e-06 3.944999846819195e-06
-6.668672954347678e-06 2.173000447302881e-05
9.993216900021479e-02 2.678946461805103e-01
2.298444844407918e-03 -9.644323301870928e-04
0.000000000000000e+00 0.000000000000000e+00
4.878110083428762e-06 3.746394888420678e-06
-6.373147679305948e-06 2.193671636508970e-05
9.732631856744156e-02 2.506846046544421e-01
1.996238858875910e-03 -8.589892623387600e-04
0.000000000000000e+00 0.000000000000000e+00
4.581922242208503e-06 3.539659099354858e-06
-6.074924192929249e-06 2.215121926312684e-05
9.420451044074993e-02 2.333362015605094e-01
1.715955254551928e-03 -7.569832956415954e-04
0.000000000000000e+00 0.000000000000000e+00
4.283025767314550e-06 3.325149980300805e-06
-5.773674667959400e-06 2.237317988585267e-05
9.055159875743125e-02 2.158581244978557e-01
1.457475317202006e-03 -6.589619600040838e-04
0.000000000000000e+00 0.000000000000000e+00
3.981112096039061e-06 3.103226869162013e-06
-5.469094926205181e-06 2.260219619021810e-05
8.635256576086098e-02 1.982596537079501e-01
1.220671661397038e-03 -5.654789593148600e-04
0.000000000000000e+00 0.000000000000000e+00
3.675858099862975e-06 2.874265180463843e-06
-5.160838680935018e-06 2.283793899395686e-05
8.159253750596232e-02 1.805506703354050e-01
1.005407603132210e-03 -4.770936218436065e-04
0.000000000000000e+00 0.000000000000000e+00
3.366936740342918e-06 2.638620100677333e-06
-4.848584807141148e-06 2.308000000298554e-05
7.625679855606643e-02 1.627416649302823e-01
8.115369593343882e-04 -3.943707504382653e-04
0.000000000000000e+00 0.000000000000000e+00
3.054007908397950e-06 2.396673257179977e-06
-4.531980664463929e-06 2.332802162870091e-05
7.033080863956313e-02 1.448437441572605e-01
6.389034064943302e-04 -3.178799743425974e-04
0.000000000000000e+00 0.000000000000000e+00
2.736738211395358e-06 2.148808189023698e-06
-4.210700858851794e-06 2.358158958721927e-05
6.380021826055644e-02 1.268686377573545e-01
4.873403045129792e-04 -2.481956295229280e-04
0.000000000000000e+00 0.000000000000000e+00
2.414783232382095e-06 1.895412490845004e-06
-3.884368472397012e-06 2.384034212966730e-05
5.665088616271436e-02 1.088287036891613e-01
3.566700788322683e-04 -1.858961150811691e-04
0.000000000000000e+00 0.000000000000000e+00
2.087785296283392e-06 1.636873806695532e-06
-3.552645593852664e-06 2.410385750389470e-05
4.886889583974452e-02 9.073693339846091e-02
2.467040573510864e-04 -1.315637381617836e-04
0.000000000000000e+00 0.000000000000000e+00
1.755387437981299e-06 1.373587186023511e-06
-3.215166329143710e-06 2.437176698159295e-05
4.044057375086536e-02 7.260695534192524e-02
1.572418694693056e-04 -8.578406835731122e-05
0.000000000000000e+00 0.000000000000000e+00
1.417242989701513e-06 1.105947202169584e-06
-2.871596272175690e-06 2.464363378470076e-05
3.135250665639040e-02 5.445303876163370e-02
8.807131315718353e-05 -4.914573189794018e-05
0.000000000000000e+00 0.000000000000000e+00
1.072998488387028e-06 8.343639582520670e-07
-2.521545953044733e-06 2.491908127167668e-05
2.159156046548337e-02 3.629009549082005e-02
3.896777422929512e-05 -2.223980661522357e-05
0.000000000000000e+00 0.000000000000000e+00
7.222838875741881e-07 5.592401715380385e-07
-2.164672397173876e-06 2.519768095430471e-05
1.114489828711455e-02 1.813368205721299e-02
9.694084246984666e-06 -5.659608630253049e-06
0.000000000000000e+00 0.000000000000000e+00
3.647387144645474e-07 2.809798343390606e-07
-1.800580649366879e-06 2.547905903182763e-05
0.000000000000000e+00 0.000000000000000e+00
0.000000000000000e+00 0.000000000000000e+00
0.000000000000000e+00 0.000000000000000e+00
0.000000000000000e+00 0.000000000000000e+00
